03030403000303040149201308
03040103240414010027201308
03040103320414010035201308
03040401850304040029201308
03040502610304050130201308
03040502700304050075201308
03040502880304050067201308
03040503000304050075201308
03040503180304050067201308
03041000210304100013201308
04060112300406010080201308
04060112490406010188201308
04060112570406010226201308
04150200500415020034201308
04160102100416010075201308
04160102290416010016201308
04160302030416030092201308
04160402170416040071201308
04160402250416040101201308
04160402500416040250201308
04161100610416110010201308
04161100700416110010201308
