020101003801201308
020101009701201308
020101009707201308
020101009709201308
020101011901201308
020101011907201308
020101011909201308
020101012701201308
020101013501201308
020101014301201308
020101014307201308
020101014309201308
020101016001201308
020101016009201308
020101018601201308
020101018607201308
020101018609201308
020101020801201308
020101024001201308
020101024007201308
020101024009201308
020101025901201308
020101026701201308
020101026707201308
020101026709201308
020101027503201308
020101027507201308
020101027509201308
020101030501201308
020101030507201308
020101030509201308
020101031301201308
020101031307201308
020101031309201308
020101032101201308
020101032107201308
020101032109201308
020101033001201308
020101033007201308
020101033009201308
020101040201201308
020101040207201308
020101040209201308
020101053401201308
020101055001201308
020904003301201308
020904003307201308
020904003309201308
020904005001201308
020904005007201308
020904005009201308
021105009101201308
021105010503201308
021105010507201308
021105010509201308
021105014801201308
030106001003201308
030106001007201308
030106007001201308
030106007003201308
030106007007201308
030106008803201308
030109001703201308
030109001709201308
030109001713201308
030109002503201308
030109002509201308
030109002513201308
030301001003201308
030301001007201308
030301002903201308
030301002907201308
030301003703201308
030301003707201308
030301004503201308
030301004507201308
030301005303201308
030301005307201308
030301006103201308
030301006107201308
030301007003201308
030301007007201308
030301008803201308
030301008807201308
030301009603201308
030301009607201308
030301010003201308
030301010007201308
030301011803201308
030301011807201308
030301012603201308
030301012607201308
030301013403201308
030301013407201308
030301014203201308
030301014207201308
030301015003201308
030301015007201308
030301016903201308
030301016907201308
030301017703201308
030301017707201308
030301018503201308
030301018507201308
030301019303201308
030301019307201308
030301020703201308
030301020707201308
030301021503201308
030301021506201308
030301021507201308
030302003203201308
030302003207201308
030302004003201308
030302004007201308
030302005903201308
030302005907201308
030302006703201308
030302006707201308
030302007503201308
030302007507201308
030302008303201308
030302008307201308
030303001107201308
030303001111201308
030303002003201308
030303002007201308
030303003803201308
030303003807201308
030303004603201308
030303004607201308
030303005403201308
030303005407201308
030303006203201308
030303006207201308
030304001703201308
030304001707201308
030304002503201308
030304002507201308
030304003303201308
030304003307201308
030304004103201308
030304004107201308
030304005003201308
030304005007201308
030304006803201308
030304006807201308
030304007603201308
030304007607201308
030304008401201308
030304008403201308
030304008407201308
030304009201201308
030304009203201308
030304009207201308
030304010603201308
030304010607201308
030304011401201308
030304011403201308
030304011407201308
030304012201201308
030304012203201308
030304012207201308
030304013003201308
030304013007201308
030304014903201308
030304014907201308
030304015703201308
030304015707201308
030304016503201308
030304016507201308
030304017303201308
030304017307201308
030304018103201308
030304019003201308
030304019007201308
030304020303201308
030304020307201308
030304021103201308
030304021107201308
030304022003201308
030304022007201308
030304023803201308
030304023807201308
030304024603201308
030304024607201308
030304025403201308
030304025407201308
030304026203201308
030304026207201308
030304027003201308
030304027007201308
030304028903201308
030304029703201308
030304029707201308
030304030003201308
030305013603201308
030305013607201308
030305014403201308
030305014407201308
030306001803201308
030306001807201308
030306002603201308
030306002607201308
030306003403201308
030306003407201308
030306004203201308
030306004207201308
030306005003201308
030306005007201308
030306006903201308
030306006907201308
030306007703201308
030306007707201308
030306008503201308
030306008507201308
030306009303201308
030306009307201308
030306010703201308
030306010707201308
030306011503201308
030306011507201308
030306012303201308
030306012307201308
030306013103201308
030306013107201308
030306014003201308
030306014007201308
030306015803201308
030306016603201308
030306016607201308
030306017403201308
030306017407201308
030306018203201308
030306018207201308
030306019003201308
030306019007201308
030306020403201308
030306020407201308
030306021203201308
030306021207201308
030306022001201308
030306022003201308
030306022007201308
030306023903201308
030306023907201308
030306024703201308
030306024707201308
030306025503201308
030306026303201308
030306026307201308
030306027103201308
030306027107201308
030306028003201308
030306028007201308
030306029803201308
030306029807201308
030306030103201308
030306030107201308
030307006403201308
030307006407201308
030307007203201308
030307007207201308
030307008003201308
030307008007201308
030307009903201308
030307009907201308
030307010203201308
030307010207201308
030307011003201308
030307011007201308
030307012903201308
030307012907201308
030307013701201308
030308004303201308
030308004307201308
030308005103201308
030308005107201308
030308006003201308
030308006007201308
030308007803201308
030308007807201308
030308008603201308
030308008607201308
030308009403201308
030308009407201308
030309013803201308
030309013807201308
030309013809201308
030309019703201308
030309019707201308
030309019709201308
030309023503201308
030309023507201308
030309023509201308
030309031603201308
030309031607201308
030310001002201308
030310001003201308
030310001007201308
030310002802201308
030310002803201308
030310002807201308
030310003602201308
030310003603201308
030310003607201308
030310004402201308
030310004403201308
030310004407201308
030310005202201308
030310005203201308
030310005207201308
030311001503201308
030311001507201308
030311002303201308
030311002307201308
030311003103201308
030311003107201308
030311004003201308
030311004007201308
030311005803201308
030311005807201308
030311006603201308
030311006607201308
030311007403201308
030311007407201308
030311008203201308
030311008207201308
030311009003201308
030311009007201308
030311010403201308
030311010407201308
030311011203201308
030311011207201308
030313001604201308
030313002404201308
030313003204201308
030313004004201308
030313005904201308
030313006704201308
030313007504201308
030313008304201308
030314002003201308
030314002007201308
030314003803201308
030314003807201308
030314004603201308
030314004607201308
030314005403201308
030314005407201308
030314006203201308
030314006207201308
030314007003201308
030314007007201308
030314008903201308
030314008907201308
030314009703201308
030314009707201308
030314010003201308
030314010007201308
030314011903201308
030314011907201308
030314012703201308
030314012707201308
030314013503201308
030314013507201308
030314014303201308
030314014307201308
030314015103201308
030314015107201308
030315001703201308
030315001707201308
030315002503201308
030315002507201308
030315003303201308
030315003307201308
030315004103201308
030315004107201308
030315005003201308
030315005007201308
030315006803201308
030315006807201308
030316001207201308
030316002002201308
030316002003201308
030316002007201308
030316003907201308
030316004707201308
030316005507201308
030316006307201308
030316007107201308
030317009305201308
030317009307201308
030317010707201308
030317010714201308
030317013102201308
030317013103201308
030317013105201308
030317013107201308
030317013187201308
030317014002201308
030317014003201308
030317014005201308
030317014007201308
030317014087201308
030317015802201308
030317015803201308
030317015805201308
030317015807201308
030317015887201308
030317016602201308
030317016603201308
030317016605201308
030317016607201308
030317016687201308
030317017402201308
030317017403201308
030317017405201308
030317017407201308
030317017487201308
030317018202201308
030317018203201308
030317018205201308
030317018207201308
030317018287201308
030318001303201308
030318001307201308
030318003003201308
030318003007201308
030318004803201308
030318004807201308
030318005603201308
030318005607201308
030318006403201308
030318006407201308
030318007207201308
030318007210201308
030319001903201308
030319001907201308
030319001908201308
030401004903201308
030401005703201308
030401006503201308
030401011103201308
030401011107201308
030401016203201308
030401032403201308
030401033203201308
030408002003201308
030408002007201308
030408003903201308
030408003907201308
030408003909201308
030408004703201308
030408006303201308
030409001803201308
030409001807201308
030409002603201308
030409002607201308
030409003403201308
030409003407201308
030409004203201308
030409004207201308
030410001303201308
030410001307201308
030410001309201308
030410002103201308
030410002107201308
030501017403201308
030501017407201308
030502001303201308
030502001307201308
030502002103201308
030502002107201308
030502003003201308
030502003007201308
030502004803201308
030502004807201308
030502005603201308
030502005607201308
030701005801201308
030701005803201308
030701005807201308
030701005809201308
030702003701201308
030702003703201308
030702003707201308
030702003709201308
030702004501201308
030702004503201308
030702004507201308
030702004509201308
030702005301201308
030702005303201308
030702005307201308
030702005309201308
030702006101201308
030702006103201308
030702006107201308
030702006109201308
030702008801201308
030702008803201308
030702008807201308
030702008809201308
030702009601201308
030702009603201308
030702009607201308
030702009609201308
030702010001201308
030702010003201308
030702010007201308
030702010009201308
030702011801201308
030702011803201308
030702011807201308
030702011809201308
030703003201201308
030703003203201308
030703003207201308
030703003209201308
030704001101201308
030704001103201308
030704001107201308
030704001109201308
030704006201201308
030704006203201308
030704006207201308
030704006209201308
030704008901201308
030704008903201308
030704008907201308
030704008909201308
030801001901201308
030801001903201308
030801001907201308
030801002703201308
030801002707201308
030801003501201308
030801003503201308
030801003507201308
030801004301201308
030801004303201308
030801004307201308
030802002203201308
030802002207201308
030802003003201308
030802003007201308
030803001003201308
030803001007201308
030803002803201308
030803002807201308
030803003601201308
030803003603201308
030803003607201308
030803003683201308
030804001501201308
030804001503201308
030804001507201308
030804002303201308
030804002307201308
030901003901201308
030901003903201308
030901003907201308
030901004701201308
030901004703201308
030901005501201308
030901005507201308
030901006301201308
030901006307201308
030901007101201308
030901007103201308
030901008001201308
030901008007201308
030901009801201308
030901009807201308
030901010101201308
030901010103201308
030901010107201308
031001003901201308
031001003902201308
031001003903201308
031001004701201308
031001004702201308
031001004703201308
031001005502201308
040102001001201308
040102001007201308
040102002901201308
040102002907201308
040102003701201308
040102003707201308
040102004501201308
040102004507201308
040102004509201308
040102005301201308
040102005307201308
040102005309201308
040102006101201308
040102006107201308
040102006109201308
040102007001201308
040102007007201308
040102007009201308
040102008801201308
040102008807201308
040102008809201308
040102009601201308
040102009607201308
040102009609201308
040102010001201308
040102010007201308
040102010009201308
040102011801201308
040102011807201308
040102012601201308
040102012607201308
040102013401201308
040102014201201308
040102014207201308
040102014209201308
040102015001201308
040102015007201308
040102015009201308
040102016901201308
040102016907201308
040201001901201308
040201001907201308
040201002701201308
040201002707201308
040201003501201308
040201003507201308
040201003509201308
040201004301201308
040201004307201308
040201004309201308
040201005101201308
040201005107201308
040202001401201308
040202001407201308
040202002201201308
040202002207201308
040301001201201308
040301001207201308
040301002001201308
040301002007201308
040301003901201308
040301003907201308
040301004701201308
040301004707201308
040301005501201308
040301005507201308
040301006301201308
040301006307201308
040301007101201308
040301007107201308
040301008001201308
040301008007201308
040301009801201308
040301009807201308
040301010101201308
040301010107201308
040301011001201308
040301011007201308
040301012801201308
040301012807201308
040301013601201308
040301013607201308
040301014401201308
040301014407201308
040301015201201308
040301015207201308
040301016001201308
040301016007201308
040301017901201308
040301017907201308
040301018701201308
040301018707201308
040301019501201308
040301019507201308
040301020901201308
040301020907201308
040301021701201308
040301021707201308
040301022501201308
040301022507201308
040301023301201308
040301023307201308
040301024101201308
040301024107201308
040301025001201308
040301025007201308
040301026801201308
040301026807201308
040301027601201308
040301027607201308
040301028401201308
040301028407201308
040301029201201308
040301029207201308
040301030601201308
040301030607201308
040301031401201308
040301031407201308
040301032201201308
040301032207201308
040301033001201308
040301033007201308
040301034901201308
040301034907201308
040301035701201308
040301035707201308
040301036501201308
040301036507201308
040301039003201308
040301039007201308
040302001801201308
040302001807201308
040302002601201308
040302002607201308
040302003401201308
040302003407201308
040302004201201308
040302004207201308
040302005001201308
040302005007201308
040302006901201308
040302006907201308
040302007701201308
040302007707201308
040302008501201308
040302008507201308
040302009301201308
040302009307201308
040302010701201308
040302010707201308
040302011501201308
040302011507201308
040302012301201308
040302012307201308
040302012309201308
040302013101201308
040302013107201308
040303001301201308
040303001307201308
040303002101201308
040303002107201308
040303003001201308
040303003007201308
040303004801201308
040303004807201308
040303005601201308
040303005607201308
040303006401201308
040303006407201308
040303008001201308
040303008007201308
040303009901201308
040303009907201308
040303010201201308
040303010207201308
040303011001201308
040303011007201308
040303012901201308
040303012907201308
040303013701201308
040303013707201308
040303014501201308
040303014507201308
040303015301201308
040303015307201308
040303016101201308
040303016107201308
040303017001201308
040303017007201308
040304001901201308
040304001907201308
040304002701201308
040304002707201308
040304005101201308
040304005107201308
040304006001201308
040304006007201308
040304007801201308
040304007807201308
040304008601201308
040304008607201308
040304009401201308
040304009407201308
040304010801201308
040304010807201308
040304011601201308
040304011607201308
040304012401201308
040304012407201308
040305003001201308
040305003003201308
040305003007201308
040305004901201308
040305004907201308
040305005701201308
040305006501201308
040305006507201308
040305007301201308
040305007307201308
040305009001201308
040305009007201308
040305010301201308
040305010307201308
040305011101201308
040305011107201308
040305012001201308
040305012007201308
040305013801201308
040305013807201308
040305014601201308
040305014607201308
040305015401201308
040305015407201308
040305016201201308
040306001001201308
040306001007201308
040306002801201308
040306002807201308
040306003601201308
040306003607201308
040306004401201308
040306004407201308
040306005201201308
040306005207201308
040306006001201308
040306006007201308
040306007901201308
040306007907201308
040306008701201308
040306008707201308
040306009501201308
040306009507201308
040307001501201308
040307004001201308
040307004007201308
040307005801201308
040307005807201308
040307008201201308
040307009001201308
040307010401201308
040307011201201308
040307012001201308
040307013901201308
040307013907201308
040307014701201308
040307014707201308
040307015501201308
040307015507201308
040307016301201308
040307016307201308
040308001001201308
040308002901201308
040308003701201308
040308004501201308
040308005301201308
040308005307201308
040308006101201308
040308007001201308
040308007007201308
040308008801201308
040308008807201308
040308009601201308
040308009607201308
040308010001201308
040401001601201308
040401001605201308
040401001609201308
040401002401201308
040401002407201308
040401002409201308
040401003201201308
040401003207201308
040401003209201308
040401004001201308
040401004007201308
040401005901201308
040401005907201308
040401006701201308
040401006707201308
040401008301201308
040401008307201308
040401010501201308
040401010507201308
040401011301201308
040401011307201308
040401012101201308
040401012107201308
040401012109201308
040401013001201308
040401013007201308
040401014801201308
040401014807201308
040401016401201308
040401016407201308
040401017201201308
040401017207201308
040401018001201308
040401018007201308
040401019901201308
040401019907201308
040401020201201308
040401020207201308
040401021001201308
040401021007201308
040401022901201308
040401022907201308
040401023701201308
040401023707201308
040401028801201308
040401028807201308
040401031801201308
040401031807201308
040401031809201308
040401032601201308
040401032607201308
040401033401201308
040401033407201308
040401035001201308
040401035007201308
040401037701201308
040401037707201308
040401038501201308
040401038507201308
040401040701201308
040401040707201308
040401041501201308
040401041507201308
040401041509201308
040401042301201308
040401043101201308
040401043107201308
040401045801201308
040401045807201308
040401046601201308
040401046607201308
040401047401201308
040401047407201308
040401047409201308
040401048201201308
040401048207201308
040401048209201308
040401049001201308
040401049007201308
040401050401201308
040401050407201308
040401051201201308
040401051207201308
040401052001201308
040401052007201308
040401052009201308
040401053901201308
040401053907201308
040401054701201308
040401054707201308
040401055501201308
040401055507201308
040402001101201308
040402001107201308
040402001109201308
040402003801201308
040402003807201308
040402004601201308
040402004607201308
040402004609201308
040402006201201308
040402006207201308
040402007001201308
040402007007201308
040402007009201308
040402008901201308
040402008907201308
040402008909201308
040402010001201308
040402010003201308
040402010007201308
040402010009201308
040402011901201308
040402011907201308
040402011909201308
040402013501201308
040402013507201308
040402014301201308
040402014307201308
040402017801201308
040402017807201308
040402020801201308
040402020807201308
040402022401201308
040402022407201308
040402023201201308
040402023207201308
040402024001201308
040402024007201308
040402027501201308
040402027507201308
040402029101201308
040402029107201308
040402031301201308
040402031307201308
040402031309201308
040402032101201308
040402032107201308
040402034801201308
040402034807201308
040402035601201308
040402035607201308
040402035609201308
040402038001201308
040402038007201308
040402039901201308
040402039907201308
040402042901201308
040402042907201308
040402045301201308
040402045307201308
040402046101201308
040402046107201308
040402047001201308
040402047007201308
040402048801201308
040402048807201308
040402048809201308
040402049601201308
040402049607201308
040402050001201308
040402050007201308
040402051801201308
040402051807201308
040402052601201308
040402052607201308
040402053401201308
040402053407201308
040402054201201308
040402054207201308
040402055001201308
040402055007201308
040402056901201308
040402056907201308
040402057701201308
040402057707201308
040402057709201308
040402058501201308
040402058507201308
040402059301201308
040402059307201308
040402060701201308
040402060707201308
040402064001201308
040402064007201308
040402065801201308
040402065807201308
040402065809201308
040402066601201308
040402066607201308
040402066609201308
040402069001201308
040402069007201308
040402070401201308
040402070407201308
040402071201201308
040402071207201308
040402072001201308
040402072007201308
040402073901201308
040402073907201308
040402077101201308
040402077107201308
040402077109201308
040402078001201308
040402078007201308
040403001701201308
040403001707201308
040403001709201308
040403003301201308
040403003307201308
040403004101201308
040403004107201308
040403004109201308
040403005001201308
040403005007201308
040403006801201308
040403006807201308
040403006809201308
040403007601201308
040403007607201308
040403008401201308
040403008407201308
040403010601201308
040403010607201308
040403012201201308
040403012207201308
040403012209201308
040403013001201308
040403013007201308
040403015701201308
040403015707201308
040403016501201308
040403016507201308
040403017301201308
040403017307201308
040403017309201308
040403019001201308
040403019007201308
040403022001201308
040403022007201308
040403022009201308
040403024601201308
040403024607201308
040403025401201308
040403025407201308
040403026201201308
040403026207201308
040403027001201308
040403027007201308
040403028901201308
040403028907201308
040403029701201308
040403029707201308
040403030001201308
040403030007201308
040403031901201308
040403031907201308
040403032701201308
040403032707201308
040501001001201308
040501001007201308
040501001009201308
040501002801201308
040501002807201308
040501002809201308
040501003601201308
040501003607201308
040501003609201308
040501007901201308
040501007907201308
040501007909201308
040501008701201308
040501008707201308
040501008709201308
040501011701201308
040501011707201308
040501011709201308
040501012501201308
040501012507201308
040501012509201308
040501013301201308
040501013307201308
040501013309201308
040501015001201308
040501015007201308
040501015009201308
040501017601201308
040501017607201308
040501017609201308
040502001501201308
040502001507201308
040502001509201308
040502002301201308
040502002307201308
040502002309201308
040503001001201308
040503001007201308
040503001009201308
040503002901201308
040503002907201308
040503002909201308
040503007001201308
040503007007201308
040503007009201308
040503009601201308
040503009607201308
040503009609201308
040503011801201308
040503011807201308
040503011809201308
040503013401201308
040503013407201308
040503013409201308
040503014201201308
040503014207201308
040503014209201308
040503016901201308
040503016907201308
040503016909201308
040503017701201308
040503017707201308
040503017709201308
040503018501201308
040503018507201308
040503019301201308
040503019307201308
040503020701201308
040503020707201308
040503020709201308
040504001601201308
040504001607201308
040504001609201308
040504002401201308
040504002407201308
040504002409201308
040504004001201308
040504004007201308
040504004009201308
040504005901201308
040504005907201308
040504005909201308
040504006701201308
040504006707201308
040504006709201308
040504007501201308
040504007507201308
040504007509201308
040504008301201308
040504008307201308
040504008309201308
040504009101201308
040504009107201308
040504009109201308
040504010501201308
040504010507201308
040504010509201308
040504014801201308
040504014807201308
040504014809201308
040504015601201308
040504015607201308
040504015609201308
040504016401201308
040504016407201308
040504016409201308
040504018001201308
040504018007201308
040504020201201308
040504020207201308
040504020209201308
040504021001201308
040504021007201308
040504021009201308
040505001101201308
040505001107201308
040505001109201308
040505004601201308
040505004607201308
040505004609201308
040505005401201308
040505005407201308
040505005409201308
040505009701201308
040505009707201308
040505009709201308
040505010001201308
040505010007201308
040505010009201308
040505011901201308
040505011907201308
040505011909201308
040505013501201308
040505013507201308
040505013509201308
040505014301201308
040505014307201308
040505014309201308
040505015101201308
040505015107201308
040505015109201308
040505018601201308
040505018607201308
040505018609201308
040505021601201308
040505021607201308
040505021609201308
040505022401201308
040505022407201308
040505022409201308
040505023201201308
040505023207201308
040505023209201308
040505031301201308
040505031307201308
040505031309201308
040505032101201308
040505032107201308
040505032109201308
040505035601201308
040505035607201308
040505035609201308
040505037201201308
040505037207201308
040505037209201308
040505038001201308
040505038007201308
040505038009201308
040505039901201308
040505039907201308
040505039909201308
040601001301201308
040601001307201308
040601002101201308
040601002107201308
040601003001201308
040601003007201308
040601004801201308
040601004807201308
040601005601201308
040601005607201308
040601006401201308
040601006407201308
040601007201201308
040601007207201308
040601008001201308
040601009901201308
040601009907201308
040601010201201308
040601010207201308
040601011001201308
040601011007201308
040601013701201308
040601013707201308
040601015301201308
040601015307201308
040601016101201308
040601017001201308
040601017007201308
040601018801201308
040601018807201308
040601019601201308
040601019607201308
040601020001201308
040601020007201308
040601021801201308
040601021807201308
040601022601201308
040601022607201308
040601023401201308
040601023407201308
040601024201201308
040601024207201308
040601025001201308
040601025007201308
040601026901201308
040601026907201308
040601027701201308
040601027707201308
040601028501201308
040601028507201308
040601029301201308
040601029307201308
040601030701201308
040601030707201308
040601031501201308
040601031507201308
040601032301201308
040601032307201308
040601033101201308
040601033107201308
040601034001201308
040601034007201308
040601035801201308
040601035807201308
040601036601201308
040601036607201308
040601037401201308
040601037407201308
040601038201201308
040601038207201308
040601039001201308
040601039007201308
040601040401201308
040601040407201308
040601041201201308
040601041207201308
040601042001201308
040601042007201308
040601043901201308
040601043907201308
040601044701201308
040601044707201308
040601045501201308
040601045507201308
040601046301201308
040601046307201308
040601047101201308
040601047107201308
040601048001201308
040601048007201308
040601049801201308
040601049807201308
040601050101201308
040601050107201308
040601051001201308
040601051007201308
040601052801201308
040601052807201308
040601053601201308
040601053607201308
040601054401201308
040601054407201308
040601055201201308
040601055207201308
040601056001201308
040601056007201308
040601057901201308
040601058701201308
040601059501201308
040601060901201308
040601061701201308
040601062501201308
040601063301201308
040601064101201308
040601064107201308
040601065001201308
040601066801201308
040601066807201308
040601067601201308
040601067607201308
040601068401201308
040601068407201308
040601069201201308
040601069207201308
040601070601201308
040601071401201308
040601071407201308
040601073001201308
040601073007201308
040601075701201308
040601075707201308
040601076501201308
040601076507201308
040601077301201308
040601077307201308
040601078101201308
040601078107201308
040601079001201308
040601080301201308
040601080307201308
040601081101201308
040601082001201308
040601082007201308
040601083801201308
040601084601201308
040601085401201308
040601086201201308
040601087001201308
040601088901201308
040601089701201308
040601089707201308
040601090001201308
040601090007201308
040601091901201308
040601091907201308
040601092701201308
040601093501201308
040601094301201308
040601095101201308
040601096001201308
040601096003201308
040601096007201308
040601097801201308
040601097803201308
040601097807201308
040601098601201308
040601099401201308
040601100101201308
040601101001201308
040601102801201308
040601103601201308
040601104401201308
040601104407201308
040601105201201308
040601107901201308
040601108701201308
040601109501201308
040601110901201308
040601111701201308
040601112501201308
040601113301201308
040601113307201308
040601114101201308
040601115001201308
040601115007201308
040601116801201308
040601117601201308
040601118401201308
040601119201201308
040601120601201308
040601121401201308
040601121407201308
040601122201201308
040601122207201308
040601123001201308
040601124901201308
040601125701201308
040602001901201308
040602001907201308
040602002701201308
040602002707201308
040602003501201308
040602003507201308
040602004301201308
040602004307201308
040602005101201308
040602005107201308
040602007801201308
040602007807201308
040602007809201308
040602010801201308
040602011601201308
040602011607201308
040602012401201308
040602012407201308
040602015901201308
040602015907201308
040602015909201308
040602016701201308
040602016707201308
040602019101201308
040602019107201308
040602021301201308
040602022101201308
040602023001201308
040602024801201308
040602024807201308
040602025601201308
040602025607201308
040602026401201308
040602026407201308
040602027201201308
040602027207201308
040602028001201308
040602028007201308
040602030201201308
040602030207201308
040602031001201308
040602031007201308
040602032901201308
040602032907201308
040602033701201308
040602033707201308
040602034501201308
040602034507201308
040602035301201308
040602035307201308
040602036101201308
040602036107201308
040602037001201308
040602037007201308
040602038801201308
040602038807201308
040602039601201308
040602039607201308
040602040001201308
040602040007201308
040602041801201308
040602041807201308
040602042601201308
040602042607201308
040602043401201308
040602043407201308
040602044201201308
040602044207201308
040602045001201308
040602046901201308
040602046907201308
040602047701201308
040602047707201308
040602048501201308
040602048507201308
040602049301201308
040602049307201308
040602050701201308
040602050707201308
040602051501201308
040602051507201308
040602052301201308
040602053101201308
040602053107201308
040602054001201308
040602054007201308
040602055801201308
040602055807201308
040602056601201308
040602056607201308
040602057401201308
040602057407201308
040602058201201308
040602058207201308
040602059001201308
040602059007201308
040602060401201308
040602060407201308
040602062001201308
040602062003201308
040602062007201308
040602062009201308
040603001401201308
040603002201201308
040603003001201308
040603004901201308
040603005701201308
040603005707201308
040603006501201308
040603007301201308
040603008101201308
040603008107201308
040603009001201308
040603009007201308
040603010301201308
040603010307201308
040603011101201308
040603011107201308
040603012001201308
040603012007201308
040603013801201308
040603013807201308
040603014601201308
040603014607201308
040604001001201308
040604001007201308
040604002801201308
040604002807201308
040604004401201308
040604004407201308
040604005201201308
040604005207201308
040604006001201308
040604006007201308
040604007901201308
040604007907201308
040604008701201308
040604009501201308
040604010901201308
040604010907201308
040604011701201308
040604011707201308
040604012501201308
040604012507201308
040604013301201308
040604014101201308
040604014107201308
040604015001201308
040604016801201308
040604017601201308
040604018401201308
040604019201201308
040604019207201308
040604020601201308
040604020607201308
040604021401201308
040604021407201308
040604022201201308
040604022207201308
040604023001201308
040604023007201308
040604024901201308
040604024907201308
040604025701201308
040604025707201308
040604026501201308
040604026507201308
040604027301201308
040604027307201308
040604028101201308
040604029001201308
040604029007201308
040604030301201308
040604030307201308
040604031101201308
040604031107201308
040604032001201308
040604032007201308
040604033801201308
040604033807201308
040605001501201308
040605001507201308
040605002301201308
040605002307201308
040605003101201308
040605003107201308
040605004001201308
040605004007201308
040605005801201308
040605005807201308
040605006601201308
040605006607201308
040605007401201308
040605007407201308
040605008201201308
040605008207201308
040605009001201308
040605009007201308
040605010401201308
040605010407201308
040605011201201308
040605012001201308
040605012007201308
040605013901201308
040605013907201308
040701001701201308
040701001707201308
040701003301201308
040701003307201308
040701004101201308
040701005001201308
040701005007201308
040701006801201308
040701006807201308
040701007601201308
040701008401201308
040701008407201308
040701009201201308
040701009207201308
040701010601201308
040701010607201308
040701011401201308
040701011407201308
040701012201201308
040701013001201308
040701014901201308
040701015701201308
040701015707201308
040701016501201308
040701016507201308
040701017301201308
040701018101201308
040701019001201308
040701019007201308
040701020301201308
040701020307201308
040701021101201308
040701021107201308
040701022001201308
040701022007201308
040701023801201308
040701023807201308
040701027001201308
040701027007201308
040701028901201308
040701029701201308
040701029707201308
040701030001201308
040701033501201308
040701033507201308
040701034301201308
040701034307201308
040701035101201308
040701035107201308
040701036001201308
040701037801201308
040702001201201308
040702002001201308
040702003901201308
040702003907201308
040702004701201308
040702004707201308
040702006301201308
040702006307201308
040702007101201308
040702007107201308
040702008001201308
040702008007201308
040702009801201308
040702009807201308
040702010101201308
040702010107201308
040702011001201308
040702011007201308
040702011009201308
040702013601201308
040702013607201308
040702013609201308
040702014401201308
040702014407201308
040702014409201308
040702015201201308
040702015207201308
040702017901201308
040702017907201308
040702018701201308
040702018707201308
040702019501201308
040702019507201308
040702020901201308
040702020907201308
040702021701201308
040702021709201308
040702022501201308
040702022507201308
040702022509201308
040702023301201308
040702023307201308
040702024101201308
040702024107201308
040702025001201308
040702025007201308
040702026801201308
040702026807201308
040702027601201308
040702027607201308
040702027609201308
040702028401201308
040702028407201308
040702028409201308
040702029201201308
040702029207201308
040702030601201308
040702030607201308
040702032201201308
040702032207201308
040702032209201308
040702033001201308
040702034901201308
040702035701201308
040702036501201308
040702036507201308
040702038101201308
040702038107201308
040702040301201308
040702040307201308
040702041101201308
040702041107201308
040702042001201308
040702042007201308
040702043801201308
040702043807201308
040702044601201308
040702044607201308
040702045401201308
040702045407201308
040702045409201308
040702046201201308
040702046207201308
040702047001201308
040702047007201308
040702047009201308
040703001801201308
040703001807201308
040703002601201308
040703002607201308
040703003401201308
040703003407201308
040703004201201308
040703004207201308
040703005001201308
040703005007201308
040703006901201308
040703006907201308
040703007701201308
040703007707201308
040703012301201308
040703012307201308
040703013101201308
040703013107201308
040703014001201308
040703014007201308
040703015801201308
040703015807201308
040703016601201308
040703016607201308
040703017401201308
040703017407201308
040703018201201308
040703018207201308
040703019001201308
040703019007201308
040703020401201308
040703021201201308
040703022001201308
040703024701201308
040704001301201308
040704001307201308
040704002101201308
040704002107201308
040704003001201308
040704003007201308
040704004801201308
040704004807201308
040704005601201308
040704005607201308
040704006401201308
040704006407201308
040704006409201308
040704007201201308
040704007207201308
040704007209201308
040704008001201308
040704008007201308
040704008009201308
040704009901201308
040704009907201308
040704009909201308
040704010201201308
040704010207201308
040704010209201308
040704011001201308
040704011007201308
040704011009201308
040704012901201308
040704012907201308
040704012909201308
040704013701201308
040704013707201308
040704014501201308
040704014507201308
040704015301201308
040704015307201308
040704016101201308
040704016107201308
040704017001201308
040704017007201308
040704017009201308
040704018801201308
040704018807201308
040704020001201308
040704020007201308
040704022601201308
040704022607201308
040704022609201308
040704023401201308
040704023407201308
040704024201201308
040704024207201308
040704025001201308
040704025007201308
040704026901201308
040704026907201308
040801001001201308
040801002901201308
040801003701201308
040801004501201308
040801005301201308
040801006101201308
040801007001201308
040801007007201308
040801008801201308
040801008807201308
040801009601201308
040801009607201308
040801010001201308
040801010007201308
040801011801201308
040801011807201308
040801013401201308
040801013407201308
040801014201201308
040801014207201308
040801015001201308
040801015007201308
040801016901201308
040801016907201308
040801017701201308
040801017707201308
040801018501201308
040801018507201308
040801019301201308
040801019307201308
040801020701201308
040801020707201308
040801021501201308
040801022301201308
040801022307201308
040801023101201308
040802001601201308
040802001607201308
040802002401201308
040802002407201308
040802003201201308
040802003207201308
040802004001201308
040802005901201308
040802006701201308
040802007501201308
040802008301201308
040802009101201308
040802010501201308
040802010507201308
040802012101201308
040802012107201308
040802013001201308
040802013007201308
040802014801201308
040802014807201308
040802015601201308
040802015607201308
040802016401201308
040802016407201308
040802017201201308
040802017207201308
040802018001201308
040802018007201308
040802019901201308
040802019907201308
040802020201201308
040802020207201308
040802021001201308
040802021007201308
040802022901201308
040802022907201308
040802023701201308
040802023707201308
040802024501201308
040802024507201308
040802025301201308
040802025307201308
040802026101201308
040802026107201308
040802027001201308
040802027007201308
040802028801201308
040802028807201308
040802029601201308
040802029607201308
040802030001201308
040802030007201308
040802031801201308
040802031807201308
040802032601201308
040802032607201308
040802032609201308
040802033401201308
040802033407201308
040802034201201308
040802034207201308
040802034209201308
040802035001201308
040802035007201308
040802036901201308
040802036907201308
040802037701201308
040802037707201308
040802038501201308
040802038507201308
040802039301201308
040802039307201308
040802040701201308
040802040707201308
040802041501201308
040802041507201308
040802042301201308
040802042307201308
040802043101201308
040802043107201308
040802044001201308
040802044007201308
040802044009201308
040802045801201308
040802045807201308
040802046601201308
040802046607201308
040802047401201308
040802047407201308
040802048201201308
040802048207201308
040802049001201308
040802049007201308
040802050401201308
040802050407201308
040802051201201308
040802051207201308
040802052001201308
040802052007201308
040802053901201308
040802053907201308
040802054701201308
040802054707201308
040802055501201308
040802055507201308
040802056301201308
040802056307201308
040802057101201308
040802057107201308
040802058001201308
040802058007201308
040802059801201308
040802059807201308
040802060101201308
040802060107201308
040802061001201308
040802061007201308
040802062801201308
040802062807201308
040802063601201308
040802063607201308
040802064401201308
040802064407201308
040803001101201308
040803001107201308
040803002001201308
040803002007201308
040803003801201308
040803003807201308
040803004601201308
040803005401201308
040803005407201308
040803006201201308
040803006207201308
040803007001201308
040803007007201308
040803008901201308
040803008907201308
040803009701201308
040803009707201308
040803010001201308
040803010007201308
040803011901201308
040803011907201308
040803012701201308
040803012707201308
040803013501201308
040803014301201308
040803015101201308
040803016001201308
040803017801201308
040803017807201308
040803018601201308
040803019401201308
040803020801201308
040803021601201308
040803022401201308
040803023201201308
040803023207201308
040803024001201308
040803024007201308
040803025901201308
040803025907201308
040803026701201308
040803026707201308
040803027501201308
040803027507201308
040803028301201308
040803028307201308
040803029101201308
040803029107201308
040803030501201308
040803030507201308
040803031301201308
040803031307201308
040803032101201308
040803032107201308
040803033001201308
040803033007201308
040803034801201308
040803034807201308
040803035601201308
040803036401201308
040803036407201308
040803037201201308
040803037207201308
040803038001201308
040803038007201308
040803039901201308
040803039907201308
040803040201201308
040803040207201308
040803041001201308
040803041007201308
040803042901201308
040803042907201308
040803043701201308
040803043707201308
040803044501201308
040803044507201308
040803045301201308
040803045307201308
040803046101201308
040803046107201308
040803047001201308
040803047007201308
040803050001201308
040803050007201308
040803051801201308
040803051807201308
040803052601201308
040803052607201308
040803053401201308
040803053407201308
040803054201201308
040803054207201308
040803055001201308
040803055007201308
040803056901201308
040803056907201308
040803057701201308
040803057707201308
040803058501201308
040803058507201308
040803059301201308
040803059307201308
040803060701201308
040803060707201308
040803061501201308
040803061507201308
040803062301201308
040803062307201308
040803063101201308
040803063107201308
040803064001201308
040803064007201308
040803065801201308
040803065807201308
040803066601201308
040803066607201308
040803067401201308
040803067407201308
040803068201201308
040803068207201308
040803069001201308
040803069007201308
040803070401201308
040803071201201308
040803071207201308
040803072001201308
040803072007201308
040803073901201308
040803073907201308
040803074701201308
040803074707201308
040803075501201308
040803075507201308
040803076301201308
040803076307201308
040803077101201308
040803077107201308
040803078001201308
040803079801201308
040803080101201308
040803080107201308
040803081001201308
040803081007201308
040803082801201308
040803082807201308
040803083601201308
040803083607201308
040803084401201308
040803084407201308
040803085201201308
040803085207201308
040803086001201308
040803086007201308
040803087901201308
040803087907201308
040803088701201308
040803088707201308
040803089501201308
040803089507201308
040803090901201308
040803090907201308
040803091701201308
040803091707201308
040804001701201308
040804001707201308
040804002501201308
040804002507201308
040804003301201308
040804003307201308
040804004101201308
040804004107201308
040804005001201308
040804006801201308
040804007601201308
040804008401201308
040804009201201308
040804010601201308
040804010607201308
040804011401201308
040804011407201308
040804012201201308
040804012207201308
040804013001201308
040804013007201308
040804014901201308
040804014907201308
040804015701201308
040804015707201308
040804016501201308
040804016507201308
040804017301201308
040804017307201308
040804018101201308
040804018107201308
040804019001201308
040804019007201308
040804019009201308
040804020301201308
040804020307201308
040804022001201308
040804022007201308
040804023801201308
040804023807201308
040804024601201308
040804024607201308
040804025401201308
040804025407201308
040804026201201308
040804026207201308
040804027001201308
040804027007201308
040804028901201308
040804028907201308
040804029701201308
040804029707201308
040804030001201308
040804030007201308
040804031901201308
040804031907201308
040804032701201308
040804032707201308
040804033501201308
040804033507201308
040804034301201308
040804034307201308
040805001201201308
040805001207201308
040805002001201308
040805002007201308
040805003901201308
040805003907201308
040805004701201308
040805004707201308
040805005501201308
040805006301201308
040805007101201308
040805008001201308
040805008007201308
040805010101201308
040805010107201308
040805011001201308
040805011007201308
040805012801201308
040805012807201308
040805013601201308
040805013607201308
040805014401201308
040805014407201308
040805015201201308
040805015207201308
040805016001201308
040805016007201308
040805017901201308
040805017907201308
040805018701201308
040805018707201308
040805019501201308
040805019507201308
040805020901201308
040805020907201308
040805021701201308
040805021707201308
040805022501201308
040805022507201308
040805022509201308
040805023301201308
040805023307201308
040805024101201308
040805024107201308
040805025001201308
040805025007201308
040805025009201308
040805026801201308
040805026807201308
040805026809201308
040805027601201308
040805027607201308
040805028401201308
040805028407201308
040805029201201308
040805029207201308
040805030601201308
040805030607201308
040805031401201308
040805031407201308
040805032201201308
040805032207201308
040805033001201308
040805033007201308
040805034901201308
040805034907201308
040805035701201308
040805035707201308
040805036501201308
040805036507201308
040805037301201308
040805037307201308
040805038101201308
040805038107201308
040805039001201308
040805039007201308
040805040301201308
040805041101201308
040805041107201308
040805042001201308
040805042007201308
040805043801201308
040805043807201308
040805044601201308
040805044607201308
040805045401201308
040805045407201308
040805046201201308
040805046207201308
040805047001201308
040805047007201308
040805048901201308
040805048907201308
040805049701201308
040805049707201308
040805050001201308
040805050007201308
040805051901201308
040805051907201308
040805052701201308
040805052707201308
040805053501201308
040805053507201308
040805054301201308
040805054307201308
040805055101201308
040805055107201308
040805056001201308
040805056007201308
040805057801201308
040805057807201308
040805058601201308
040805058607201308
040805059401201308
040805059407201308
040805060801201308
040805060807201308
040805061601201308
040805061607201308
040805062401201308
040805062407201308
040805063201201308
040805063207201308
040805064001201308
040805064007201308
040805065901201308
040805065907201308
040805066701201308
040805067501201308
040805067507201308
040805068301201308
040805068307201308
040805069101201308
040805069107201308
040805070501201308
040805070507201308
040805071301201308
040805071307201308
040805072101201308
040805072107201308
040805073001201308
040805073007201308
040805074801201308
040805074807201308
040805075601201308
040805075607201308
040805076401201308
040805076407201308
040805077201201308
040805077207201308
040805078001201308
040805078007201308
040805079901201308
040805079907201308
040805080201201308
040805080207201308
040805081001201308
040805081007201308
040805082901201308
040805082907201308
040805083701201308
040805083707201308
040805084501201308
040805084507201308
040805085301201308
040805085307201308
040805086101201308
040805086107201308
040805087001201308
040805087007201308
040805088801201308
040805088807201308
040805089601201308
040805089607201308
040805090001201308
040805091801201308
040805091807201308
040805092601201308
040805092607201308
040806001801201308
040806001807201308
040806002601201308
040806002607201308
040806003401201308
040806003407201308
040806004201201308
040806004207201308
040806004209201308
040806005001201308
040806005007201308
040806006901201308
040806006907201308
040806007701201308
040806007707201308
040806008501201308
040806008507201308
040806009301201308
040806009307201308
040806010701201308
040806010707201308
040806011501201308
040806011507201308
040806012301201308
040806012307201308
040806013101201308
040806013107201308
040806014001201308
040806014007201308
040806015801201308
040806015807201308
040806015809201308
040806016601201308
040806016607201308
040806017401201308
040806017407201308
040806018201201308
040806018207201308
040806019001201308
040806019007201308
040806020401201308
040806020407201308
040806021201201308
040806021207201308
040806023901201308
040806023907201308
040806024701201308
040806024707201308
040806025501201308
040806025507201308
040806026301201308
040806026307201308
040806027101201308
040806027107201308
040806028001201308
040806028007201308
040806029801201308
040806029807201308
040806030101201308
040806030107201308
040806031001201308
040806031007201308
040806032801201308
040806032807201308
040806033601201308
040806033607201308
040806034401201308
040806034407201308
040806035201201308
040806035207201308
040806036001201308
040806036007201308
040806037901201308
040806037907201308
040806038701201308
040806038707201308
040806039501201308
040806039507201308
040806040901201308
040806040907201308
040806041701201308
040806041707201308
040806042501201308
040806042507201308
040806042509201308
040806043301201308
040806043307201308
040806044101201308
040806044107201308
040806045001201308
040806045007201308
040806046801201308
040806046807201308
040806047601201308
040806047607201308
040806048401201308
040806048407201308
040806049201201308
040806049207201308
040806050601201308
040806050607201308
040806051401201308
040806051407201308
040806052201201308
040806052207201308
040806053001201308
040806053007201308
040806054901201308
040806054907201308
040806055701201308
040806055707201308
040806056501201308
040806056507201308
040806057301201308
040806057307201308
040806057309201308
040806058101201308
040806058107201308
040806059001201308
040806059007201308
040806060301201308
040806060307201308
040806061101201308
040806062001201308
040806062007201308
040806063801201308
040806063807201308
040806064601201308
040806064607201308
040806066201201308
040806066207201308
040806067001201308
040806067007201308
040806069701201308
040806069707201308
040806070001201308
040806070007201308
040901001401201308
040901001407201308
040901002201201308
040901002207201308
040901003001201308
040901003007201308
040901004901201308
040901004907201308
040901005701201308
040901005707201308
040901006501201308
040901006507201308
040901007301201308
040901007307201308
040901008101201308
040901008107201308
040901009001201308
040901009007201308
040901012001201308
040901012007201308
040901013801201308
040901013807201308
040901014601201308
040901014607201308
040901017001201308
040901017007201308
040901017009201308
040901018901201308
040901018907201308
040901019701201308
040901019707201308
040901020001201308
040901020007201308
040901021901201308
040901022701201308
040901022707201308
040901023501201308
040901023507201308
040901024301201308
040901024307201308
040901025101201308
040901025107201308
040901026001201308
040901026007201308
040901028601201308
040901028607201308
040901029401201308
040901029407201308
040901030801201308
040901030807201308
040901031601201308
040901031607201308
040901032401201308
040901032407201308
040901033201201308
040901033207201308
040901034001201308
040901034007201308
040901036701201308
040901036707201308
040901037501201308
040901037507201308
040901038301201308
040901038307201308
040901038309201308
040901039101201308
040901039107201308
040901040501201308
040901040507201308
040901041301201308
040901041307201308
040901043001201308
040901043007201308
040901043009201308
040901045601201308
040901045607201308
040901046401201308
040901046407201308
040901047201201308
040901047207201308
040901048001201308
040901048007201308
040901049901201308
040901050201201308
040901050207201308
040901051001201308
040901051007201308
040901052901201308
040901052907201308
040901053701201308
040901053707201308
040901054501201308
040901054507201308
040901055301201308
040901055307201308
040901056101201308
040901056107201308
040901057001201308
040901057007201308
040901058801201308
040901058807201308
040902001001201308
040902001007201308
040902001009201308
040902002801201308
040902002807201308
040902004401201308
040902004407201308
040902004409201308
040902005201201308
040902005207201308
040902007901201308
040902007907201308
040902007909201308
040902008701201308
040902008707201308
040902008709201308
040902009501201308
040902009507201308
040902009509201308
040902010901201308
040902010907201308
040902012501201308
040902012507201308
040902012509201308
040902013301201308
040902013307201308
040902014101201308
040902014107201308
040902015001201308
040902015007201308
040902015009201308
040902016801201308
040902016807201308
040902017601201308
040902017607201308
040902017609201308
040903001501201308
040903001509201308
040903002301201308
040903003101201308
040903004001201308
040904001001201308
040904001007201308
040904001009201308
040904003701201308
040904003707201308
040904004501201308
040904004507201308
040904005301201308
040904005307201308
040904007001201308
040904007007201308
040904007009201308
040904008801201308
040904008807201308
040904008809201308
040904009601201308
040904009607201308
040904011801201308
040904011807201308
040904012601201308
040904012607201308
040904013401201308
040904013407201308
040904014201201308
040904014209201308
040904015001201308
040904015007201308
040904016901201308
040904016907201308
040904017701201308
040904017707201308
040904018501201308
040904018507201308
040904019301201308
040904019307201308
040904020701201308
040904020707201308
040904021501201308
040904021507201308
040904022301201308
040904023101201308
040904023107201308
040904024001201308
040904024009201308
040905001601201308
040905001607201308
040905002401201308
040905002407201308
040905003201201308
040905004001201308
040905004007201308
040905007501201308
040905007507201308
040905008301201308
040905008307201308
040905008309201308
040905009101201308
040905009107201308
040905010501201308
040905010507201308
040905011301201308
040905011307201308
040905012101201308
040906001101201308
040906001102201308
040906001107201308
040906001109201308
040906002001201308
040906003801201308
040906003809201308
040906004601201308
040906004607201308
040906004609201308
040906005401201308
040906005402201308
040906005409201308
040906007001201308
040906007002201308
040906007009201308
040906010001201308
040906010007201308
040906011901201308
040906011907201308
040906012701201308
040906012707201308
040906013501201308
040906013507201308
040906014301201308
040906014307201308
040906015101201308
040906015107201308
040906016001201308
040906016007201308
040906017801201308
040906017807201308
040906017809201308
040906018601201308
040906018609201308
040906019401201308
040906019407201308
040906020801201308
040906020807201308
040906020809201308
040906021601201308
040906021607201308
040906022401201308
040906022407201308
040906023201201308
040906023202201308
040906023207201308
040906023209201308
040906024001201308
040906024002201308
040906024007201308
040906024009201308
040906025901201308
040906025902201308
040906025907201308
040906026701201308
040906026702201308
040906026707201308
040906026709201308
040906027501201308
040906027507201308
040906027509201308
040906028301201308
040906028307201308
040907001701201308
040907001709201308
040907002501201308
040907003301201308
040907003309201308
040907004101201308
040907004109201308
040907005001201308
040907006801201308
040907006809201308
040907007601201308
040907007609201308
040907008401201308
040907008409201308
040907009201201308
040907009207201308
040907009209201308
040907010601201308
040907010607201308
040907010609201308
040907011401201308
040907011407201308
040907013001201308
040907013007201308
040907013009201308
040907014901201308
040907014907201308
040907014909201308
040907015701201308
040907015707201308
040907015709201308
040907019001201308
040907019009201308
040907020301201308
040907021101201308
040907021107201308
040907022001201308
040907022007201308
040907022009201308
040907023801201308
040907023807201308
040907024601201308
040907024607201308
040907025401201308
040907025407201308
040907026201201308
040907026207201308
040907026209201308
040907027001201308
040907028901201308
040907028907201308
040907029701201308
040907030001201308
041001001401201308
041001001407201308
041001001409201308
041001005701201308
041001006501201308
041001006507201308
041001007301201308
041001007307201308
041001008101201308
041001008107201308
041001008109201308
041001009001201308
041001011101201308
041001011107201308
041001011109201308
041001012001201308
041001012007201308
041001013801201308
041001014601201308
041001015401201308
041001016201201308
041001017001201308
041001018901201308
041101001801201308
041101001802201308
041101001809201308
041101002601201308
041101002602201308
041101003401201308
041101003402201308
041101004201201308
041101004202201308
041101005001201308
041101005002201308
041101007701201308
041101007702201308
041101007709201308
041101008501201308
041101008502201308
041102001301201308
041102001302201308
041102001309201308
041102002101201308
041102002102201308
041102003001201308
041102003002201308
041102004801201308
041102004802201308
041102005601201308
041102005602201308
041201001101201308
041201001107201308
041201002001201308
041201002007201308
041201003801201308
041201003807201308
041201004601201308
041201004607201308
041201004609201308
041201007001201308
041201007007201308
041201008901201308
041201008907201308
041201009701201308
041201009707201308
041201010001201308
041201010007201308
041201011901201308
041201011907201308
041201013501201308
041201013507201308
041201014301201308
041201014307201308
041202001701201308
041202001707201308
041202002501201308
041202002507201308
041202003301201308
041202003307201308
041202005001201308
041202005007201308
041202006801201308
041202006807201308
041202007601201308
041202007607201308
041202008401201308
041202008407201308
041203001201201308
041203001207201308
041203004701201308
041203004707201308
041203008001201308
041203008007201308
041203009801201308
041203009807201308
041203010101201308
041203010107201308
041203011001201308
041203011007201308
041204001801201308
041204001807201308
041204002601201308
041204002607201308
041204003401201308
041204003407201308
041204004201201308
041204004207201308
041204005001201308
041204005007201308
041204006901201308
041204006907201308
041204008501201308
041204008507201308
041204010701201308
041204010707201308
041204011501201308
041204011507201308
041204012301201308
041204012307201308
041204013101201308
041204013107201308
041204015801201308
041204015807201308
041204016601201308
041204016607201308
041204017401201308
041204017407201308
041204018201201308
041204018207201308
041204019001201308
041204019007201308
041204020401201308
041204020407201308
041204021201201308
041204021207201308
041204022001201308
041204022007201308
041205001301201308
041205001307201308
041205003001201308
041205003007201308
041205004801201308
041205004807201308
041205006401201308
041205006407201308
041205007201201308
041205007207201308
041205008001201308
041205008007201308
041205010201201308
041205010207201308
041205011001201308
041205011007201308
041205013701201308
041205013707201308
041205014501201308
041205014507201308
041205015301201308
041205015307201308
041205016101201308
041205016107201308
041301001501201308
041301001507201308
041301006601201308
041301008201201308
041301008207201308
041301009001201308
041301009007201308
041303001601201308
041303001607201308
041303001609201308
041303002401201308
041303002407201308
041303003201201308
041303005901201308
041303005907201308
041303005909201308
041303006701201308
041303007501201308
041303008301201308
041303008307201308
041303008309201308
041304002001201308
041304002007201308
041304003801201308
041304004601201308
041304005401201308
041304006201201308
041304007001201308
041304008901201308
041304009701201308
041304009707201308
041304010001201308
041304010007201308
041304011901201308
041304011907201308
041304011909201308
041304012701201308
041304012707201308
041304012709201308
041304013501201308
041304013507201308
041304013509201308
041304014301201308
041304014307201308
041304015101201308
041304015107201308
041304015109201308
041304016001201308
041304016007201308
041304017801201308
041304017807201308
041304018601201308
041304018607201308
041304019401201308
041304019407201308
041304020801201308
041304020807201308
041304021601201308
041304021607201308
041304022401201308
041304022407201308
041304023201201308
041304023207201308
041304023209201308
041304024001201308
041304024007201308
041304025901201308
041401002701201308
041401003501201308
041401025601201308
041401025607201308
041401025609201308
041401027201201308
041401027207201308
041401032901201308
041401032907201308
041401032909201308
041401034501201308
041401034507201308
041401034509201308
041402002201201308
041402002203201308
041402002207201308
041402002209201308
041402003001201308
041402003003201308
041402003007201308
041402003009201308
041402004901201308
041402004903201308
041402004907201308
041402004909201308
041402005701201308
041402005703201308
041402005707201308
041402005709201308
041402006501201308
041402006503201308
041402006507201308
041402006509201308
041402007301201308
041402007303201308
041402007307201308
041402007309201308
041402008101201308
041402008103201308
041402008107201308
041402008109201308
041402009001201308
041402009003201308
041402009007201308
041402009009201308
041402014601201308
041402014603201308
041402014607201308
041402014609201308
041402015401201308
041402015403201308
041402015407201308
041402015409201308
041402016201201308
041402016203201308
041402016207201308
041402016209201308
041402020001201308
041402020003201308
041402020007201308
041402020009201308
041402021901201308
041402021903201308
041402021907201308
041402021909201308
041402024301201308
041402024303201308
041402024307201308
041402024309201308
041402027801201308
041402027803201308
041402027807201308
041402027809201308
041402029401201308
041402029403201308
041402029407201308
041402029409201308
041402036701201308
041402036703201308
041402036707201308
041402036709201308
041402037501201308
041402037503201308
041402037507201308
041402037509201308
041402041301201308
041402041303201308
041402041307201308
041402041309201308
041501001201201308
041501001207201308
041502001801201308
041502002601201308
041502003401201308
041502003407201308
041502004201201308
041502004207201308
041502005001201308
041502005007201308
041503001301201308
041503001307201308
041504002701201308
041504002707201308
041504003501201308
041504003507201308
041601001601201308
041601001607201308
041601002401201308
041601002407201308
041601003201201308
041601003207201308
041601004001201308
041601004007201308
041601007501201308
041601007507201308
041601009101201308
041601009107201308
041601011301201308
041601011307201308
041601011309201308
041601012101201308
041601013001201308
041601016401201308
041601016407201308
041601017201201308
041601017207201308
041601017209201308
041601018001201308
041601018007201308
041601019901201308
041601019907201308
041601020201201308
041601020207201308
041601021001201308
041601021007201308
041601022901201308
041601022907201308
041602002001201308
041602002007201308
041602015101201308
041602015107201308
041602016001201308
041602016007201308
041602017801201308
041602017807201308
041602018601201308
041602018607201308
041602019401201308
041602019407201308
041602020801201308
041602020807201308
041602021601201308
041602021607201308
041602022401201308
041602022407201308
041602023201201308
041602023207201308
041602024001201308
041602024007201308
041602025901201308
041602025907201308
041603001701201308
041603001707201308
041603002501201308
041603002507201308
041603003301201308
041603003307201308
041603004101201308
041603004107201308
041603006801201308
041603006807201308
041603007601201308
041603008401201308
041603008407201308
041603009201201308
041603009207201308
041603014901201308
041603014907201308
041603014909201308
041603015701201308
041603015707201308
041603016501201308
041603016507201308
041603017301201308
041603017307201308
041603018101201308
041603018107201308
041603019001201308
041603020301201308
041603020307201308
041603021101201308
041603021107201308
041603022001201308
041603022007201308
041603023801201308
041603023807201308
041603024601201308
041603024607201308
041603025401201308
041603026201201308
041603027001201308
041603027007201308
041603028901201308
041603029701201308
041603030001201308
041603030007201308
041603031901201308
041603031907201308
041603032701201308
041603032707201308
041603033501201308
041603033507201308
041603034301201308
041603034307201308
041603035101201308
041603035107201308
041603036001201308
041603036007201308
041604001201201308
041604001207201308
041604002001201308
041604002007201308
041604003901201308
041604003907201308
041604004701201308
041604004707201308
041604005501201308
041604005507201308
041604007101201308
041604007107201308
041604010101201308
041604010107201308
041604011001201308
041604011007201308
041604012801201308
041604012807201308
041604014401201308
041604014407201308
041604017901201308
041604018701201308
041604019501201308
041604020901201308
041604020907201308
041604021701201308
041604021707201308
041604022501201308
041604022507201308
041604023301201308
041604023307201308
041604024101201308
041604024107201308
041604025001201308
041604025007201308
041604026801201308
041604026807201308
041604027601201308
041604027607201308
041605001801201308
041605001807201308
041605002601201308
041605002607201308
041605003401201308
041605003407201308
041605005001201308
041605005007201308
041605007701201308
041605007707201308
041605009301201308
041605009307201308
041605010701201308
041605010707201308
041605011501201308
041605011507201308
041606001301201308
041606001307201308
041606002101201308
041606002107201308
041606003001201308
041606003007201308
041606005601201308
041606005607201308
041606006401201308
041606006407201308
041606008001201308
041606008007201308
041606009901201308
041606009907201308
041606010201201308
041606010207201308
041606011001201308
041606011007201308
041606012901201308
041606012907201308
041608001401201308
041608001407201308
041608003001201308
041608003007201308
041608008101201308
041608008107201308
041608009001201308
041608009007201308
041608011101201308
041608011107201308
041608012001201308
041608012007201308
041609001001201308
041609001007201308
041609002801201308
041609002807201308
041609003601201308
041609003607201308
041609007901201308
041609007907201308
041609010901201308
041609010907201308
041609011701201308
041609011707201308
041609012501201308
041609012507201308
041609013301201308
041609013307201308
041611001001201308
041611001007201308
041611002901201308
041611002907201308
041611003701201308
041611003707201308
041611004501201308
041611004507201308
041611005301201308
041611005307201308
041611006101201308
041611006107201308
041611007001201308
041611007007201308
041611008801201308
041611008807201308
041612002401201308
041612003201201308
041612004001201308
041612004009201308
041612005901201308
041612005909201308
050103006901201308
050103006903201308
050103006907201308
050201001074201308
050201001075201308
050201001076201308
050201001077201308
050201001078201308
050201001079201308
050201002977201308
050201002978201308
050201002979201308
050201002980201308
050201002981201308
050201002982201308
050301001401201308
050301001403201308
050301001474201308
050301001475201308
050301001476201308
050301001477201308
050301001478201308
050301001479201308
050301001480201308
050301001481201308
050301001482201308
050301002201201308
050301002274201308
050301002275201308
050301002276201308
050301002277201308
050301002278201308
050301002279201308
050301002280201308
050301002281201308
050301002282201308
050302001001201308
050302002801201308
050303001574201308
050303001575201308
050303001576201308
050303001577201308
050303001578201308
050303001579201308
050303001580201308
050303001581201308
050303001582201308
050303002301201308
050303002374201308
050303002375201308
050303002376201308
050303002377201308
050303002378201308
050303002379201308
050303002380201308
050303002381201308
050303002382201308
050303003101201308
050303003174201308
050303003175201308
050303003176201308
050303003177201308
050303003178201308
050303003179201308
050303003180201308
050303003181201308
050303003182201308
050303004001201308
050303004074201308
050303004075201308
050303004076201308
050303004077201308
050303004078201308
050303004080201308
050303004081201308
050303004082201308
050303005801201308
050303005874201308
050303005875201308
050303005876201308
050303005877201308
050303005878201308
050303005879201308
050303005880201308
050303005881201308
050303005882201308
050303006601201308
050303006674201308
050303006675201308
050303006676201308
050303006677201308
050303006678201308
050303006679201308
050303006680201308
050303006681201308
050303006682201308
050303007401201308
050303007474201308
050303007475201308
050303007476201308
050303007477201308
050303007478201308
050303007479201308
050303007480201308
050303007481201308
050303007482201308
050303008201201308
050303008274201308
050303008275201308
050303008276201308
050303008277201308
050303008278201308
050303008279201308
050303008280201308
050303008281201308
050303008282201308
050303009001201308
050303009074201308
050303009075201308
050303009076201308
050303009077201308
050303009078201308
050303009079201308
050303009080201308
050303009081201308
050303009082201308
050303010401201308
050303010474201308
050303010475201308
050303010476201308
050303010477201308
050303010478201308
050303010479201308
050303010480201308
050303010481201308
050303010482201308
050304004574201308
050304004575201308
050304004576201308
050304004577201308
050304004578201308
050304004579201308
050304004580201308
050304004581201308
050304004582201308
050501001103201308
050501001107201308
050501002003201308
050501002007201308
050501003803201308
050501003807201308
050501004603201308
050501004607201308
050501005403201308
050501005407201308
050501006203201308
050501006207201308
050501007003201308
050501007007201308
050501008903201308
050501008907201308
050501009701201308
050501009707201308
050501009709201308
050501010001201308
050501010007201308
050501010009201308
050501011901201308
050501011907201308
050501011909201308
050501012701201308
050501012707201308
050501012709201308
050502004101201308
050502004107201308
050502005001201308
050502005007201308
050502006801201308
050502007601201308
050502008401201308
050502009201201308
050502010601201308
050502011401201308
050502011407201308
050502012201201308
050602001012201308
050602002912201308
050602003712201308
050602004503201308
050602004507201308
050602004509201308
050602004512201308
050602005301201308
050602005303201308
050602005307201308
050602006101201308
050602006103201308
050602006107201308
050602007001201308
050602007003201308
050602007007201308
050602008801201308
050602008803201308
050602008807201308
050602009601201308
050602009603201308
050602009607201308
050602010001201308
050602010003201308
050602010007201308
050602011801201308
050602011803201308
050602011807201308
080201006765201308
080201007579201308
080201008375201308
080201009176201308
080201010574201308
080201011383201308
080201012181201308
080201013082201308
080201014877201308
080201015678201308
080201016480201308
080201021085201308
080201022986201308
080201023792201308
080201024593201308
080201025387201308
080201026187201308
080201027087201308
